0 95 0 0 0 0 0 0 0 80 0 0 0 0 0 0 0 0 0 95
0 0 95 0 0 0 0 0 0 0 0 0 0 0 0 0 0 0 0 0
0 0 0 95 0 0 0 0 0 0 0 0 0 0 0 0 0 0 0 0
0 0 0 0 95 0 0 0 0 0 0 0 0 0 0 0 0 0 0 0
0 0 0 0 0 95 0 0 0 0 0 0 0 0 70 0 0 0 0 0
0 0 0 0 0 0 95 0 0 0 0 0 0 0 0 0 0 0 0 0
0 0 0 0 0 0 0 95 0 0 0 0 0 0 0 0 0 0 0 0
0 0 0 0 0 0 0 0 95 0 0 0 0 0 0 0 0 0 0 0
0 0 0 0 0 0 0 0 0 95 0 0 0 0 0 0 0 0 0 0
0 0 0 0 0 0 0 0 0 0 95 0 0 0 0 0 0 0 0 0
0 0 0 0 0 0 0 0 0 0 0 95 0 0 0 0 0 0 0 0
0 0 0 0 0 0 0 0 0 0 0 0 95 0 0 0 0 0 0 0
0 0 0 0 0 0 0 0 0 0 0 0 0 95 0 0 0 0 0 0
0 0 0 0 0 0 0 0 0 0 0 0 0 0 95 0 0 0 0 0
0 0 0 0 0 0 0 0 0 0 0 0 0 0 0 95 0 0 0 0
0 0 0 0 0 0 0 0 0 0 0 0 0 0 0 0 95 0 0 0
0 0 0 0 0 0 0 0 0 0 0 0 0 0 0 0 0 95 0 0
0 0 0 0 0 0 0 0 0 0 0 0 0 0 0 0 0 0 95 0
0 0 0 0 0 0 0 0 0 0 0 0 0 0 0 0 0 0 0 95
0 0 0 0 0 0 0 0 0 0 0 0 0 0 0 0 0 0 0 0